subject	sex	age	WMv	WMn	WMf	SMv	SMn	SMf	Spd1	Spd2	Spd3	Spd4	gfv	gfn	gff	APOE	e4	genotype
111000	1	29	0.655555556	0.604761905	0.707142857	0.425	0.225	0.333333333	2.603213378	2.27289115	2.324882603	2.460445571	0.5625	0.375	0.375	6	0	e4/e4
111001	1	23	0.506666667	0.642857143	0.846428571	0.45	0.1	0.375	2.063278894	2.017479645	1.904249176	1.97864993	0.1875	0.4375	0.375	1	1	e3/e3
111002	1	24	0.602222222	0.571428571	0.744047619	0.65	0.425	0.166666667	2.075107121	2.085462965	1.902517208	1.986160761	0.4375	0.625	0.3125	3	1	e2/e3
111003	1	33	0.616666667	0.692857143	0.857142857	0.5	0.225	0.25	2.384937117	2.246979459	2.157284207	2.243269646	0.5625	0.5625	0.3125	1	1	e3/e3
111004	1	29	0.884444444	0.677380952	0.871428571	0.6	0.2	0.583333333	1.733822066	1.485727251	1.963232827	1.898097257	0.625	0.4375	0.4375	1	1	e3/e3
111005	1	26	0.685555556	0.811904762	0.947619048	0.475	0.125	0.208333333	2.221369782	2.058210771	2.359512983	2.430068782	0.3125	0.25	0.5	1	1	e3/e3
111006	1	34	0.647777778	0.611904762	0.738095238	0.175	0.2	0.291666667	2.175362373	1.450604248	2.040007159	2.01953562	0.4375	0.5	0.375	1	1	e3/e3
111007	1	30	0.635555556	0.563095238	0.71547619	0.675	0.3	0.416666667	2.229861833	2.075188233	1.930157644	1.899313134	0.5	0.4375	0.5	1	1	e3/e3
111008	1	24	0.764444444	0.920238095	0.845238095	0.625	0.625	0.375	2.186627452	2.024596893	2.181616286	1.826866907	0.75	0.4375	0.5	3	1	e2/e3
111009	1	24	0.618888889	0.542857143	0.857142857	0.2	0.05	0.333333333	2.404807084	1.993647217	2.051928837	2.032495944	0.6875	0.3125	0.5625	NA	NA	NA
111010	1	33	0.68	0.566666667	0.822619048	0.15	0.075	0.208333333	1.976732136	1.932249893	2.180285815	2.344563851	0.375	0.25	0.25	1	1	e3/e3
111011	1	27	0.84	0.664285714	0.84047619	0.175	0.125	0.291666667	1.992234959	1.395994804	1.879529	1.838267119	0.5	0.1875	0.3125	3	1	e2/e3
111012	1	25	0.627777778	0.807142857	0.961904762	0.575	0.425	0.208333333	2.362176034	1.846873193	2.146748287	2.363577716	0.75	0.5	0.4375	3	1	e2/e3
111013	1	23	0.713333333	0.805952381	0.894047619	0.475	0.475	0.058141905	1.757150253	1.769597127	1.916212543	1.937169895	0.5	0.625	0.125	5	0	e3/e4
111016	1	20	0.736666667	0.832142857	0.892857143	0.525	0.35	0.083333333	2.033557326	1.865180681	1.809483943	2.028370446	0.625	0.5625	0.25	6	0	e4/e4
111017	1	29	0.544444444	0.651190476	0.919047619	0.525	0.35	0.208333333	1.764115481	1.574823052	1.933819376	1.736924081	0.5625	0.375	0.5625	1	1	e3/e3
111018	1	21	0.71	0.863095238	0.85	0.675	0.35	0.375	2.705014863	1.989962065	2.578477109	2.078460958	0.625	0.625	0.625	5	0	e3/e4
111019	1	32	0.844444444	0.9	0.855952381	0.5	0.375	0.208333333	1.740317991	1.757911386	1.966356425	1.871327054	0.3125	0.375	0.5625	4	0	e2/e4
111021	1	20	0.638888889	0.761904762	0.842857143	0.175	0.225	0.291666667	1.767175813	1.804174277	1.80602462	1.886650565	0.5625	0.5625	0.5	1	1	e3/e3
111022	1	31	0.832222222	0.938095238	0.879761905	0.525	0.25	0.083333333	1.98046116	1.524698671	1.88585057	1.793080984	0.5	0.625	0.5625	5	0	e3/e4
111028	1	28	0.563333333	0.61547619	0.95952381	0.275	0.225	0.5	2.223031288	2.005072863	2.256168229	2.224337511	0.6875	0.5	0.625	2	1	e2/e2
111029	1	34	0.602222222	0.797619048	0.791666667	0.725	0.45	0.375	2.203124143	1.512921465	1.928254795	1.949620744	0.5625	0.5625	0.5	5	0	e3/e4
111030	1	28	0.747777778	0.782142857	0.938095238	0.375	0.3	0.416666667	2.055346165	1.601684651	1.916568091	1.886093467	0.75	0.8125	0.3125	5	0	e3/e4
111031	1	20	0.615555556	0.564285714	0.851190476	0.675	0.45	0.125	2.095038075	1.79936929	1.894283851	1.839119357	0.5	0.3125	0.375	1	1	e3/e3
111032	1	30	0.687777778	0.821428571	0.94047619	0.625	0.375	0.208333333	2.202827361	1.866655432	2.122393952	2.124886638	0.5	0.5	0.5	6	0	e4/e4
111033	1	29	0.48	0.529761905	0.752380952	0	0.025	0.166666667	2.065309638	1.986589135	2.0629453	2.175375648	0.5625	0.375	0.375	1	1	e3/e3
111034	1	20	0.636666667	0.810714286	0.971428571	0.675	0.35	0.416666667	2.702893887	2.341991792	2.647935179	2.37958714	0.6875	0.75	0.9375	1	1	e3/e3
111035	1	34	0.632222222	0.602380952	0.769047619	0.125	0.15	0.291666667	1.684704038	1.684634059	2.131010517	2.058601302	0.6875	0.75	0.5	1	1	e3/e3
111040	1	23	0.573333333	0.802380952	0.885714286	0.975	0.45	0.166666667	2.059088468	1.989652505	2.233322862	2.174400961	0.5	0.25	0.375	1	1	e3/e3
111041	1	24	0.71	0.811904762	0.701190476	0.4	0.425	0.25	2.188147013	2.063071772	2.347880771	2.209294078	0.4375	0.5	0.3125	5	0	e3/e4
111043	1	21	0.748888889	0.621428571	0.66547619	0.2	0.1	0.208333333	2.626071117	2.804075505	1.990667387	2.033540782	0.875	0.75	0.625	6	0	e4/e4
111044	1	25	0.635555556	0.670238095	0.838095238	0.2	0.125	0.5	2.099012304	1.729468707	1.975463953	1.739954156	0.625	0.6875	0.5	1	1	e3/e3
111045	1	34	0.703333333	0.641666667	0.835714286	0.225	0.175	0.208333333	1.853093218	1.967422804	1.795803482	1.842836536	0.1875	0.1875	0.3125	1	1	e3/e3
111051	1	30	0.673333333	0.61547619	0.771428571	0.6	0.125	0.208333333	2.255399384	2.003819465	1.827936998	1.995122055	0.5625	0.5	0.375	1	1	e3/e3
111052	1	25	0.802222222	0.736904762	0.820238095	0.275	0.225	0.208333333	2.226285607	1.975275349	1.956634721	1.854720287	0.5625	0.4375	0.5	6	0	e4/e4
111053	1	34	0.568888889	0.654761905	0.74047619	0.725	0.35	0.083333333	1.78615377	1.564748182	2.104084305	2.138455109	0.3125	0.3125	0.4375	1	1	e3/e3
111054	1	32	0.561111111	0.65	0.821428571	0.4	0.275	0.125	2.143369075	2.171430111	1.897693406	2.058168754	0.25	0.5	0.5	6	0	e4/e4
111055	1	25	0.667777778	0.65952381	0.816666667	0.2	0.225	0.333333333	1.570321007	1.617554164	1.89868152	1.592959664	0.5625	0.5625	0.4375	1	1	e3/e3
111056	1	27	0.508888889	0.739285714	0.907142857	0.25	0.3	0.540273738	2.094194365	2.010610355	2.104066104	1.927122711	0.5625	0.625	0.375	1	1	e3/e3
111057	1	21	0.454444444	0.722619048	0.888095238	0.75	0.1	0.208333333	2.205878876	2.019287074	2.191109902	2.28966127	0.4375	0.375	0.5	4	0	e2/e4
111999	1	32	0.842222222	0.813095238	0.976190476	0.225	0.275	0.583333333	2.353642076	1.843842303	2.027533097	1.706371579	0.75	0.625	0.8125	1	1	e3/e3
112000	2	33	0.667777778	0.572619048	0.714285714	0.05	0.15	0.25	2.189044298	1.981096523	2.104091822	1.855604873	0.4375	0.5625	0.5	3	1	e2/e3
112001	2	31	0.712222222	0.641666667	0.79047619	0.675	0.3	0.041666667	2.411443087	2.266415213	2.023004563	1.986731939	0.6875	0.625	0.4375	3	1	e2/e3
112002	2	29	0.517777778	0.560714286	0.747619048	0.275	0.05	0.291666667	2.05687088	1.622812616	2.032638934	1.877080859	0.5	0.4375	0.3125	5	0	e3/e4
112003	2	21	0.482222222	0.533333333	0.791666667	0.15	0.025	0.166666667	2.425687995	2.188598497	2.115327866	2.101512587	0.625	0.5	0.25	1	1	e3/e3
112006	2	33	0.743333333	0.792857143	0.825	0.825	0.375	0.5	2.095401015	1.589341323	2.166319368	1.980812174	0.5625	0.5625	0.5	1	1	e3/e3
112007	2	30	0.731111111	0.776190476	0.8	0.55	0.225	0	1.948990446	1.723150818	2.021371412	1.836100338	0.5625	0.5	0.5625	1	1	e3/e3
112008	2	34	0.563333333	0.783333333	0.953571429	0.15	0.225	0.291666667	1.81232145	1.54191872	1.807916992	1.789888151	0.8125	0.6875	0.375	NA	NA	NA
112009	1	29	0.543333333	0.680952381	0.705952381	0.025	0.1	0.208333333	1.966867964	1.754380957	1.929471595	1.797506138	0.1875	0.25	0.5	1	1	e3/e3
112010	2	20	0.717777778	0.685714286	0.958333333	0.25	0.2	0.166666667	2.731492324	2.429358722	2.497591467	2.403156157	0.5	0.75	0.5625	1	1	e3/e3
112011	2	26	0.794444444	0.542857143	0.911904762	0.05	0.075	0.083333333	1.899499685	1.865411204	1.761735198	1.704594695	0.5625	0.75	0.6875	1	1	e3/e3
112013	2	33	0.456666667	0.59047619	0.897619048	0.075	0.1	0.166666667	2.256278342	2.061230085	2.005228104	1.946961591	0.625	0.5625	0.125	3	1	e2/e3
112020	2	35	0.693333333	0.719047619	0.745238095	0.325	0.325	0	1.747566141	1.464683656	2.195928827	1.915470024	0.4375	0.625	0.5	1	1	e3/e3
112021	2	34	0.675555556	0.739285714	0.888095238	0.575	0.225	0.5	2.174626244	1.689204445	2.379605309	2.031448992	0.5	0.75	0.625	1	1	e3/e3
112023	2	31	0.736666667	0.738095238	0.869047619	0.575	0.375	0.166666667	2.510191084	2.392684412	2.145280738	1.82024903	0.6875	0.625	0.3125	1	1	e3/e3
112024	2	19	0.661111111	0.786904762	0.7	0.75	0.275	0.333333333	2.379001923	1.836463569	2.07209293	2.088298461	0.5625	0.8125	0.4375	6	0	e4/e4
112026	2	32	0.57	0.582142857	0.65	0.4	0.125	0.041666667	2.428380801	2.118893932	2.118086751	2.238818307	0.5	0.5625	0	5	0	e3/e4
112027	2	24	0.455555556	0.578571429	0.773809524	0.2	0.1	0.291666667	2.519904451	2.531708281	2.401750859	2.537150236	0.375	0.3125	0.375	3	1	e2/e3
121100	1	32	0.717777778	0.689285714	0.711904762	0.175	0.1	0.333333333	2.069110513	1.889406046	2.066213512	1.839123231	0.4375	0.375	0.3125	1	1	e3/e3
121101	1	23	0.652222222	0.561904762	0.964285714	0.4	0.225	0.5	2.179804468	1.638836789	2.049886526	2.076770116	0.5625	0.5625	0.625	5	0	e3/e4
121104	1	21	0.624444444	0.733333333	0.698809524	0.55	0.2	0.375	1.957248229	1.740133436	2.349203621	2.144190352	0.375	0.5	0.375	1	1	e3/e3
121105	1	30	0.884444444	0.797619048	0.926190476	0.95	0.475	0.291666667	1.859421147	1.85841641	2.134478842	2.049186815	0.5	0.1875	0.4375	5	0	e3/e4
121110	1	30	0.488888889	0.854761905	0.811904762	0.55	0.25	0.125	1.802754087	1.444060872	2.033542113	2.049071343	0.6875	0.25	0.4375	1	1	e3/e3
121111	1	31	0.79	0.920238095	0.864285714	0.85	0.55	0.333333333	2.285950906	1.433752877	1.920642568	1.896663809	0.4375	0.5625	0.25	1	1	e3/e3
121113	1	26	0.636666667	0.555952381	0.796428571	0.225	0.225	0.375	1.997292298	1.909071585	2.020285145	1.984808125	0.375	0.4375	0.4375	5	0	e3/e4
121114	1	24	0.563333333	0.504761905	0.933333333	0.375	0.375	0.166666667	2.065375423	2.049824268	2.106190754	2.304874327	0.6875	0.6875	0.5625	1	1	e3/e3
121115	1	29	0.572222222	0.953571429	0.907142857	0.85	0.425	0.5	1.961683194	2.11239947	2.098783516	1.932696181	0.4375	0.25	0.625	1	1	e3/e3
121117	1	25	0.67	0.823809524	0.782142857	0.55	0.4	0.25	2.087040151	2.160009745	1.841684863	2.087925022	0.5625	0.625	0.75	1	1	e3/e3
121118	1	27	0.701111111	0.913095238	0.785714286	0.55	0.425	0.333333333	2.498041179	2.122173944	2.047832398	2.114958281	0.5	0.3125	0.3125	3	1	e2/e3
121119	1	29	0.551111111	0.832142857	0.729761905	0.775	0.35	0.25	2.024884207	1.658325576	2.101603646	1.858816149	0.5625	0.625	0.375	5	0	e3/e4
121120	1	27	0.865555556	0.845238095	0.771428571	0.575	0.5	0.291666667	1.96376165	2.070676069	1.521514967	1.550396464	0.5625	0.375	0.4375	3	1	e2/e3
121121	1	26	0.731111111	0.854761905	0.814285714	0.325	0.3	0.125	2.562033867	2.472545437	1.674001186	1.630139196	0.4375	0.375	0.375	1	1	e3/e3
121122	1	32	0.571111111	0.682142857	0.771428571	0.525	0.475	0.458333333	2.057018746	2.011343029	2.142404477	2.128128014	0.5	0.6875	0.3125	1	1	e3/e3
121123	1	34	0.713333333	0.973809524	0.988095238	0.675	0.475	0.291666667	1.742473796	1.994340525	2.363180051	2.217601788	0.625	0.8125	0.5	1	1	e3/e3
121124	1	30	0.776666667	0.973809524	0.907142857	0.45	0.575	0.416666667	2.506897863	1.918732625	1.968034249	1.832098915	0.625	0.875	0.625	5	0	e3/e4
121125	1	20	0.616666667	0.602380952	0.786904762	0.475	0.1	0.083333333	2.155770506	2.146582564	1.955061719	1.931222113	0.75	0.5	0.5	1	1	e3/e3
121126	1	25	0.434444444	0.552380952	0.697619048	0.225	0.175	0.25	2.477716011	2.242890717	1.9042238	1.784289611	0.5625	0.3125	0.3125	1	1	e3/e3
121128	1	28	0.69	0.70952381	0.733333333	0.725	0.35	0.25	2.041620406	2.257529746	2.27936924	2.152678002	0.4375	0.5625	0.375	1	1	e3/e3
121130	1	34	0.673333333	0.6	0.703571429	0.275	0.2	0.333333333	1.768743226	1.72673037	1.917977972	1.789519245	0.375	0.125	0.4375	1	1	e3/e3
121132	1	23	0.777777778	0.79047619	0.782142857	0.85	0.45	0.208333333	2.652918082	2.467320626	2.272009678	2.391355886	0.6875	0.5625	0.5625	5	0	e3/e4
121133	1	33	0.732222222	0.545238095	0.830952381	0.65	0.25	0.125	2.357454982	2.114232808	2.150439403	1.935201553	0.625	0.625	0.5625	3	1	e2/e3
121135	1	31	0.427777778	0.428571429	0.735714286	0.025	0.1	0.083333333	2.350732319	2.248888843	2.041476777	2.062130284	0.6875	0.4375	0.3125	5	0	e3/e4
121136	1	35	0.643333333	0.808333333	0.65	0.675	0.475	0.125	2.020171486	1.33395175	1.97534208	2.075288741	0.625	0.4375	0.25	5	0	e3/e4
121137	1	27	0.738888889	0.603571429	0.892857143	0.8	0.225	0.370353736	2.357408984	2.265296396	2.201411795	2.283801712	0.5	0.5625	0.625	1	1	e3/e3
121140	1	28	0.572222222	0.570238095	0.853571429	0.6	0.3	0.125	2.305477049	2.06886638	2.1632262	2.313385092	0.5	0.4375	0.375	1	1	e3/e3
121142	1	23	0.648888889	0.788095238	0.94047619	0.5	0.425	0.25	2.225785736	2.122588303	1.937771522	1.808279835	0.625	0.5	0.75	1	1	e3/e3
121144	1	20	0.765555556	0.870238095	0.95952381	0.85	0.3	0.458333333	2.145638573	2.129552346	2.128638315	2.090506312	0.5625	0.5625	0.5625	4	0	e2/e4
121145	1	31	0.605555556	0.616666667	0.788095238	0.825	0.1	0.333333333	2.1151925	2.086657597	1.886575893	1.832226912	0.625	0.625	0.5625	3	1	e2/e3
121146	1	28	0.798888889	0.927380952	0.976190476	0.575	0.55	0.557799782	2.023140682	2.118777699	2.260257734	2.202502151	0.8125	0.875	0.625	1	1	e3/e3
121147	1	27	0.746666667	0.871428571	0.854761905	0.775	0.5	0.5	2.38273432	2.198619027	2.112829085	2.049075367	0.625	0.4375	0.75	4	0	e2/e4
121148	1	19	0.731111111	0.79047619	0.767857143	0.475	0.275	0.083333333	2.033377971	2.159204241	1.682052005	1.955132969	0.4375	0.3125	0.5	1	1	e3/e3
121150	1	31	0.873333333	0.935714286	0.976190476	0.95	0.488722897	0.171522924	2.16627401	2.346636308	2.335345692	2.26029498	0.6875	0.5625	0.625	1	1	e3/e3
121151	1	25	0.876666667	0.707142857	0.780952381	0.725	0.35	0.125	2.377572605	2.20876051	2.589981481	2.281056251	0.5625	0.5	0.4375	1	1	e3/e3
121153	1	19	0.844444444	0.971428571	0.90952381	0.875	0.625	0.458333333	2.606015217	2.285631721	2.336505388	2.140893309	0.875	0.6875	0.4375	1	1	e3/e3
121154	1	20	0.557777778	0.726190476	0.846428571	0.9	0.45	0.416666667	2.435278776	2.272419815	2.41162801	2.434635275	0.5625	0.625	0.625	1	1	e3/e3
121155	1	23	0.85	0.939285714	0.74047619	0.925	0.675	0.5	2.033632466	1.808016777	1.948323942	1.897156668	0.625	0.6875	0.6875	1	1	e3/e3
122100	2	28	0.615555556	0.675	1	0.8	0.25	0.541666667	2.123661746	1.967563146	1.848780543	1.80370409	0.625	0.8125	0.625	1	1	e3/e3
122101	2	30	0.72	0.80952381	0.971428571	0.15	0.3	0.416666667	2.345746247	2.055988348	2.347145732	2.510612676	0.8125	0.875	0.6875	3	1	e2/e3
122102	2	22	0.627777778	0.470238095	0.596428571	0	0	0.125	2.084878557	1.326894354	1.59837827	2.220556859	0.25	0.375	0.125	5	0	e3/e4
122103	2	30	0.471111111	0.675	0.845238095	0.3	0.025	0.166666667	1.762994463	1.977364769	2.278179938	2.328830691	0.5	0.5	0.5	3	1	e2/e3
122104	2	29	0.698888889	0.745238095	0.95952381	0.475	0.425	0.291666667	2.102233221	2.098163721	2.560286528	2.525964887	0.5	0.8125	0.625	1	1	e3/e3
122106	2	35	0.69	0.753571429	0.916666667	0.075	0.325	0.125	2.192955182	2.297792539	2.52797344	2.604054644	0.6875	0.9375	0.6875	1	1	e3/e3
122110	2	33	0.653333333	0.619047619	0.869047619	0.1	0.2	0.333333333	2.126433279	1.850665754	2.195955043	1.951048382	0.625	0.75	0.3125	5	0	e3/e4
122112	2	32	0.702222222	0.661904762	0.845238095	0.425	0.1	0.125	2.405633052	2.32310302	2.358248617	2.353937273	0.5	0.5625	0.4375	1	1	e3/e3
122113	2	33	0.607777778	0.535714286	0.610714286	0.1	0.075	0.041666667	2.094008064	2.099312937	2.015584656	2.035354615	0.1875	0.5	0.1875	2	1	e2/e2
122114	2	31	0.677777778	0.641666667	0.867857143	0.125	0.15	0.166666667	2.483862217	2.117301466	2.453323271	2.207899911	0.5	0.1875	0.5625	5	0	e3/e4
122115	2	28	0.737777778	0.852380952	0.845238095	0.5	0.5	0.166666667	2.148717395	2.159952954	2.081024695	1.841074473	0.5625	0.5625	0.5	1	1	e3/e3
122116	2	31	0.673333333	0.739285714	0.871428571	0.425	0.3	0.25	2.070728861	2.021647324	1.848878989	1.89779007	0.6875	0.75	0.5	4	0	e2/e4
122117	1	22	0.845555556	0.917857143	0.923809524	0.95	0.45	0.291666667	2.641349114	2.533191043	2.530916196	2.653835536	0.875	0.75	0.8125	1	1	e3/e3
131200	1	26	0.744444444	0.579761905	0.894047619	0.4	0.2	0.333333333	1.966555244	1.854793102	2.062899533	1.981344923	0.8125	0.4375	0.25	1	1	e3/e3
131202	1	35	0.71	0.817857143	0.873809524	0.075	0.125	0.083333333	1.738882052	1.981966081	2.0566181	2.130498922	0.3125	0.25	0.25	1	1	e3/e3
131203	1	19	0.708888889	0.903571429	0.908333333	0.725	0.475	0.208333333	2.118666983	1.895512218	2.199964694	2.155657749	0.5625	0.375	0.4375	4	0	e2/e4
131204	1	33	0.543333333	0.845238095	0.79047619	0.525	0.3	0.208333333	1.808266848	1.584888812	1.526646265	1.457238568	0.25	0.3125	0.3125	3	1	e2/e3
131205	1	23	0.552222222	0.704761905	0.773809524	0.35	0.35	0.208333333	2.456054067	2.536882572	2.071648929	2.17479587	0.625	0.5	0.375	1	1	e3/e3
131206	1	27	0.674444444	0.796428571	0.813095238	0.675	0.25	0.25	2.038015688	1.817413933	1.870737512	1.733155003	0.6875	0.5625	0.4375	5	0	e3/e4
131207	1	26	0.498888889	0.573809524	0.845238095	0.075	0.2	0.375	2.127497753	1.995282592	1.988366215	1.892417351	0.6875	0.5	0.5	1	1	e3/e3
131208	1	33	0.522222222	0.536904762	0.638095238	0.125	0.075	0	1.693709374	1.431767114	1.846343728	1.566480339	0.25	0.4375	0.1875	3	1	e2/e3
131209	1	31	0.77	0.729761905	0.964285714	0.825	0.35	0.416666667	2.665726621	2.456269388	2.427245181	2.452139103	0.8125	0.875	0.8125	1	1	e3/e3
131210	1	25	0.674444444	0.923809524	0.988095238	0.675	0.275	0.291666667	2.1916734	2.317493758	2.279611502	2.286951128	0.75	0.5	0.375	1	1	e3/e3
131212	1	20	0.695555556	0.683333333	0.920238095	0.6	0.25	0.083333333	2.114025566	1.927113349	1.839182263	1.789964495	0.75	0.5625	0.3125	1	1	e3/e3
131213	1	18	0.596666667	0.528571429	0.573809524	0.175	0.2	0.458333333	1.996407013	1.950019113	1.980044821	2.019161892	0.4375	0.5625	0.5	5	0	e3/e4
131214	1	29	0.586666667	0.666666667	0.841666667	0.325	0.325	0.375	2.105840294	1.901723621	2.076525951	2.144784506	0.5625	0.5	0.25	1	1	e3/e3
131215	1	34	0.477777778	0.463095238	0.583333333	0.125	0.125	0.208333333	2.108758904	1.663825844	1.809351459	1.834310922	0.3125	0.4375	0.25	3	1	e2/e3
131216	1	23	0.658888889	0.530952381	0.78452381	0.225	0.275	0.083333333	2.369102251	2.388479125	2.281070364	2.244167107	0.6875	0.8125	0.625	5	0	e3/e4
131217	1	18	0.848888889	0.95	0.8	0.875	0.425	0.041666667	2.256908434	2.022948441	2.364679814	2.31210643	0.5	0.6875	0.375	1	1	e3/e3
131218	1	32	0.574444444	0.752380952	0.767857143	0.375	0.15	0.25	1.772824181	1.621344459	1.696191264	1.519902414	0.375	0.4375	0.5	5	0	e3/e4
131219	1	18	0.761111111	0.516666667	0.848809524	0.5	0.3	0.25	2.600097979	2.444987775	1.986518625	1.952673369	0.75	0.3125	0.25	1	1	e3/e3
131220	1	34	0.777777778	0.786904762	0.770238095	0.35	0.35	0.291666667	2.402960022	2.209984033	2.174518943	2.093357971	0.75	0.6875	0.5	1	1	e3/e3
131221	1	20	0.442222222	0.394047619	0.754761905	0.15	0.05	0.041666667	2.180542679	2.395324725	2.190685568	2.154904884	0.5	0.25	0.25	1	1	e3/e3
132200	2	34	0.496666667	0.673809524	0.84047619	0.175	0.05	0.166666667	2.315964047	2.111522298	1.662913669	1.867869236	0.5	0.625	0.25	1	1	e3/e3
132201	2	30	0.795555556	0.886904762	0.946428571	0.85	0.375	0.208333333	2.105894279	2.113757552	1.980024475	2.163270394	0.75	0.75	0.6875	3	1	e2/e3
132202	2	27	0.758888889	0.570238095	0.864285714	0.575	0.025	0.083333333	2.358349718	2.200704913	2.177920615	2.245035133	0.625	0.6875	0.625	1	1	e3/e3
132203	2	34	0.726666667	0.68452381	0.833333333	0.4	0.125	0.083333333	2.429501236	2.456174358	2.128721783	2.077162629	0.6875	0.375	0.1875	3	1	e2/e3
132204	2	18	0.768888889	0.961904762	0.914285714	0.475	0.45	0.352464441	2.608020391	2.1402899	2.728070995	2.532560994	0.8125	0.8125	0.8125	1	1	e3/e3
132205	2	18	0.594444444	0.585714286	0.857142857	0.225	0.3	0.5	1.91755284	1.639119603	1.746829853	1.443071113	0.375	0.6875	0.6875	1	1	e3/e3
132206	2	19	0.565555556	0.564285714	0.56547619	0.1	0.075	0.041666667	1.748602551	1.592516115	1.4311862	1.530180421	0.4375	0.4375	0.25	3	1	e2/e3
132208	2	29	0.375555556	0.721428571	0.907142857	0.525	0.15	0.125	2.601164447	2.096695905	2.358163535	2.313646124	0.625	0.5625	0.3125	3	1	e2/e3
132209	2	25	0.855555556	0.838095238	0.929761905	0.7	0.4	0.416666667	2.720935279	2.666256127	2.467857761	2.506861872	0.3125	0.4375	0.125	1	1	e3/e3
132210	2	34	0.451111111	0.683333333	0.823809524	0.625	0.175	0.541666667	1.73285375	1.635273972	1.783006424	1.741882446	0.5	0.375	0.5625	1	1	e3/e3
132211	2	28	0.612222222	0.739285714	0.811904762	0.45	0.175	0.125	2.093162983	1.668174099	1.850063479	1.735163054	0.5	0.5625	0.5	1	1	e3/e3
132212	2	31	0.568888889	0.58452381	0.582142857	0.2	0.125	0.083333333	1.862735101	1.914455211	1.673085569	1.800150888	0.375	0.3125	0.1875	NA	NA	NA
132213	2	24	0.628888889	0.779761905	0.84047619	0.65	0.275	0.333333333	2.706522103	2.289477531	2.365031211	2.362952334	0.375	0.6875	0.5	5	0	e3/e4
132214	2	21	0.618888889	0.778571429	0.90952381	0.725	0.5	0.291666667	2.344699747	1.990755048	2.373956595	2.080023376	0.5	0.5	0.5	1	1	e3/e3
132215	2	19	0.761111111	0.866666667	0.895238095	0.65	0.525	0.333333333	2.603634123	2.387996643	2.391167386	2.30411637	0.6875	0.5625	0.75	1	1	e3/e3
132216	2	30	0.39	0.510714286	0.572619048	0.1	0.05	0.208333333	1.492875035	1.356436296	1.775193645	1.827538743	0.375	0.375	0	5	0	e3/e4
132217	2	25	0.575555556	0.567857143	0.897619048	0.175	0.225	0.375	2.10988648	1.989461678	1.950704657	1.647696097	0.6875	0.5625	0.5	3	1	e2/e3
132218	2	23	0.586666667	0.65	0.91547619	0.325	0.3	0.208333333	2.471044058	2.600890532	2.101004174	2.013834391	0.5	0.625	0.4375	1	1	e3/e3
132219	2	31	0.558888889	0.786904762	0.807142857	0.4	0.375	0.208333333	2.608490593	2.030594155	2.519690373	2.281673583	0.375	0.6875	0.1875	NA	NA	NA
132220	2	34	0.891111111	0.798809524	0.832142857	0.425	0.225	0.041666667	2.130371631	1.792109193	1.979837494	2.143150208	0.375	0.3125	0.3125	1	1	e3/e3
132221	2	30	0.644444444	0.457142857	0.826190476	0.15	0.075	0.083333333	1.842245042	1.549615369	1.931603188	1.746512043	0.5	0.375	0.5625	5	0	e3/e4
132222	2	28	0.571111111	0.58452381	0.86547619	0.625	0.2	0.25	2.081005515	2.078766249	1.980328565	2.002338184	0.5	0.5	0.4375	1	1	e3/e3
141300	1	33	0.535555556	0.780952381	0.769047619	0.8	0.45	0.083333333	1.749019709	1.493414668	2.081386531	1.889320759	0.5625	0.5	0.5625	3	1	e2/e3
142400	2	31	0.606666667	0.501190476	0.741666667	0.275	0.1	0.25	1.451064031	1.158234412	1.587055439	1.425830057	0.5	0.375	0.5	1	1	e3/e3
142401	2	31	0.527777778	0.639285714	0.876190476	0.25	0.2	0.333333333	2.5476377	2.412299263	2.676929413	2.795318161	0.5	0.5625	0.625	1	1	e3/e3
142402	2	27	0.432222222	0.470238095	0.805952381	0.2	0.2	0.125	2.452337578	2.256982878	2.369533507	2.43844666	0.5625	0.5625	0.3125	1	1	e3/e3
142404	2	26	0.895555556	0.847619048	0.878571429	0.875	0.525	0.416666667	2.819096205	2.805332052	2.669122072	2.768330693	0.4375	0.375	0.625	1	1	e3/e3
142406	2	21	0.751111111	0.882142857	0.94047619	0.65	0.425	0.375	2.185424222	2.104862534	2.242395414	2.266559745	0.6875	0.75	0.6875	1	1	e3/e3
142407	2	21	0.786666667	0.49047619	1	0.425	0.2	0.291666667	2.28673798	2.235066151	2.277890272	2.322357105	0.625	0.6875	0.4375	5	0	e3/e4
142410	2	32	0.74	0.895238095	0.935714286	0.725	0.475	0.5	2.131262495	2.210991938	2.421273026	2.408936094	0.6875	0.75	0.625	1	1	e3/e3
142412	2	23	0.576666667	0.788095238	0.904761905	0.25	0.25	0.125	2.044404861	1.775385488	1.865082794	1.973334307	0.75	0.5	0.625	1	1	e3/e3
151500	1	22	0.848888889	0.869047619	0.848809524	0.65	0.375	0.5	2.294465786	2.076325648	2.108920412	2.191610081	0.75	0.75	0.5625	3	1	e2/e3
151501	1	20	0.632222222	0.819047619	0.898809524	0.75	0.475	0.458333333	2.464499605	2.121430775	2.356517981	2.256583705	0.625	0.625	0.5625	1	1	e3/e3
151502	1	20	0.691111111	0.748809524	0.952380952	0.225	0.125	0.166666667	1.56383888	1.576485425	1.739216656	1.649951482	0.5625	0.8125	0.5625	1	1	e3/e3
151503	1	23	0.733333333	0.582142857	0.942857143	0.55	0.225	0.625	2.539095816	2.277756518	2.421291489	2.591210478	0.6875	0.5	0.625	1	1	e3/e3
151504	1	20	0.841111111	1	0.961904762	1	0.35	0.416666667	2.79464096	2.194770723	2.412489388	2.348982578	0.75	0.8125	0.6875	1	1	e3/e3
151506	1	30	0.58	0.711904762	0.773809524	0.625	0.4	0.416666667	1.626355771	1.510226777	1.65957737	1.491049093	0.3125	0.4375	0.1875	1	1	e3/e3
152600	2	23	0.742222222	0.791666667	0.958333333	0.45	0.3	0.166666667	2.400135545	2.267392567	2.184063974	2.118730564	0.5	0.5	0.4375	3	1	e2/e3
152601	2	32	0.711111111	0.526190476	0.676190476	0.025	0.15	0.208333333	2.401004203	2.201510596	2.361781287	2.186707487	0.625	0.625	0.4375	1	1	e3/e3
152602	2	26	0.583333333	0.69047619	0.814285714	0.275	0.15	0.125	2.468191708	2.228053195	2.292020631	2.440515285	0.5625	0.5	0.3125	1	1	e3/e3
152603	2	27	0.661111111	0.558333333	1	0.5	0.225	0.291666667	2.457711719	2.590658572	2.088798031	2.136827556	0.5625	0.6875	0.375	3	1	e2/e3
152604	2	28	0.637777778	0.59047619	0.876190476	0.5	0.2	0.208333333	2.224134728	2.385373241	1.918584717	1.884768925	0.375	0.5	0.375	1	1	e3/e3
152605	2	30	0.687777778	0.477380952	0.928571429	0.225	0.25	0.5	1.71408245	1.476331612	1.813177832	1.637384832	0.5625	0.4375	0.375	1	1	e3/e3
152606	2	22	0.57	0.642857143	0.923809524	0.125	0.05	0.041666667	2.199309755	2.245985031	2.018245053	2.210699178	0.4375	0.4375	0.4375	5	0	e3/e4
152607	2	26	0.717777778	0.776190476	0.871428571	0.475	0.225	0.208333333	2.252004624	2.089303761	2.338112821	2.156101712	0.75	0.625	0.4375	1	1	e3/e3
152608	2	20	0.732222222	0.746428571	0.882142857	0.4	0.275	0.416666667	2.04734942	1.898247354	2.273222543	2.319488219	0.8125	0.6875	0.375	1	1	e3/e3
152609	2	30	0.726666667	0.848809524	0.746428571	0.4	0.45	0.125	2.136225377	1.747663754	2.141185997	1.912081877	0.5	0.5625	0.375	3	1	e2/e3
152610	2	23	0.588888889	0.788095238	0.813095238	0.625	0.2	0.166666667	1.999062506	2.000661127	1.847464509	1.991001182	0.625	0.625	0.5625	1	1	e3/e3
152611	2	28	0.616666667	0.730952381	0.530301084	0.025	0.075	0	2.121791882	1.636375692	1.964602294	1.982883437	0.25	0.375	0.3125	3	1	e2/e3
152612	2	35	0.5	0.321428571	0.555939378	0	0	0.125	2.241046118	1.917795224	1.720998134	1.422312374	0.125508479	0.3125	0.0625	5	0	e3/e4
152613	2	21	0.558888889	0.945238095	0.827380952	0.775	0.475	0.125	2.573630124	2.25767165	2.392900861	2.601762171	0.75	0.6875	0.75	1	1	e3/e3
161700	1	33	0.596666667	0.883333333	0.682142857	0.525	0.3	0.208333333	2.130322509	2.103487447	2.067162213	2.168584594	0.5625	0.4375	0.25	3	1	e2/e3
161701	1	29	0.716666667	0.658333333	0.753571429	0.35	0.025	0.166666667	2.386277871	1.990420613	2.103494213	2.024316692	0.625	0.5	0.3125	1	1	e3/e3
162800	2	32	0.553333333	0.654761905	0.772619048	0.675	0.3	0.083333333	2.088672279	1.47566161	2.059575445	1.969595237	0.625	0.3125	0.25	1	1	e3/e3
162801	2	34	0.623333333	0.641666667	0.805952381	0.675	0.225	0.166666667	2.067499874	1.524470136	2.053612123	2.164803693	0.4375	0.375	0.25	1	1	e3/e3
162802	2	28	0.746666667	0.885714286	0.846428571	0.575	0.25	0.125	1.997241946	1.742691333	2.277587385	2.076160998	0.5625	0.3125	0.4375	6	0	e4/e4
162803	2	33	0.523333333	0.403571429	0.651017427	0	0.05	0.041666667	1.793879906	1.876305261	2.035103015	1.855838918	0.375	0.3125	0.25	5	0	e3/e4
162804	2	20	0.627777778	0.861904762	0.826190476	0.7	0.475	0.375	2.451323526	2.609399567	2.219077084	2.397291553	0.4375	0.75	0.5625	1	1	e3/e3
162806	2	20	0.541111111	0.651190476	0.708333333	0.1	0.1	0.291666667	2.163943535	2.0512678	1.930648636	2.042668083	0.375	0.6875	0.5	3	1	e2/e3
162809	2	24	0.662222222	0.883333333	0.903571429	0.7	0.475	0.5	2.195516173	1.989698155	2.157652553	2.046616328	0.5625	0.8125	0.625	3	1	e2/e3
162810	2	28	0.624444444	0.625	0.902380952	0.075	0.15	0.375	1.923097179	1.739851739	1.992740223	1.818103663	0.3125	0.375	0.3125	1	1	e3/e3
162811	2	32	0.646666667	0.65952381	0.895238095	0.275	0.175	0.291666667	2.022786002	1.844920673	1.648773764	1.68303774	0.75	0.5625	0.3125	1	1	e3/e3
162812	2	25	0.677777778	0.760714286	0.970238095	0.425	0.375	0.333333333	2.168943214	1.988680803	2.082072986	2.156506196	0.75	0.625	0.6875	1	1	e3/e3
162813	2	30	0.724444444	0.608333333	0.761904762	0.1	0.175	0.125	1.762033027	1.663890661	2.106203921	2.126872243	0.3125	0.25	0.1875	5	0	e3/e4
162814	2	34	0.45	0.261904762	0.755545395	0.075	0	0.125	1.609748572	1.063897871	1.6719686	1.381624324	0.625	0.375	0.125	3	1	e2/e3
162815	2	35	0.742222222	0.508333333	0.722619048	0	0	0.166666667	2.917189788	2.56099093	2.387884747	2.164540125	0.4375	0.375	0.125	1	1	e3/e3
162817	2	18	0.686666667	0.877380952	0.783333333	0.55	0.4	0.208333333	1.805639683	1.484418597	1.909807723	1.908083492	0.5625	0.75	0.3125	NA	NA	NA
162818	2	32	0.72	0.505952381	0.823809524	0.45	0.15	0.125	1.867937237	1.685970309	2.089297777	2.047186715	0.4375	0.4375	0.5	1	1	e3/e3
162819	2	18	0.653333333	0.651190476	0.798809524	0.675	0.375	0.5	2.432022084	2.053154004	2.224577739	2.154869155	0.5625	0.6875	0.5	NA	NA	NA
162820	2	34	0.655555556	0.727380952	0.833333333	0.5	0.275	0.166666667	2.066210874	2.036726325	2.241776373	2.190455096	0.5625	0.5	0.1875	1	1	e3/e3
171900	1	22	0.595555556	0.588095238	0.810714286	0.275	0.1	0.208333333	1.755578593	1.598206815	1.520045906	1.628580931	0.5625	0.5	0.3125	5	0	e3/e4
171901	1	34	0.575555556	0.783333333	0.653571429	0.6	0.175	0.166666667	1.575775019	1.620157645	1.832292453	1.773408782	0.625	0.375	0.375	1	1	e3/e3
171902	1	25	0.554444444	0.583333333	0.694047619	0.15	0.125	0.25	1.844421929	1.601060356	1.46403632	1.557405474	0.1875	0.4375	0.625	1	1	e3/e3
171903	1	26	0.364444444	0.392857143	0.647619048	0.225	0	0.125	2.029752139	1.2488996	1.488624382	1.447432215	0.25	0.0625	0.4375	NA	NA	NA
171904	1	35	0.611111111	0.548809524	0.80952381	0.025	0.125	0.291666667	1.632305927	1.76246297	1.868974159	1.825601547	0.4375	0.375	0.4375	NA	NA	NA
171905	1	23	0.575555556	0.851190476	0.926190476	0.775	0.35	0.625	1.997607441	1.631992936	1.871938509	1.848728711	0.8125	0.8125	0.5	3	1	e2/e3
171906	1	28	0.658888889	0.545238095	0.971428571	0.1	0.075	0.041666667	2.042977167	2.058663121	2.251224809	2.159961091	0.5625	0.375	0.4375	1	1	e3/e3
172100	2	32	0.503333333	0.525	0.891666667	0.275	0.025	0.083333333	1.819791851	1.794296115	2.275776824	2.242923531	0.375	0.4375	0.3125	1	1	e3/e3
172101	2	32	0.656666667	0.469047619	0.648809524	0	0.05	0.083333333	1.97399315	1.985321859	2.034172298	1.752508577	0.1875	0.25	0.3125	1	1	e3/e3
172102	2	26	0.533333333	0.426190476	0.894047619	0.625	0.2	0.166666667	2.411409349	2.285424034	2.592220241	2.278612324	0.4375	0.4375	0.1875	4	0	e2/e4
172907	2	32	0.562222222	0.579761905	0.838095238	0.075	0.075	0.25	1.53173933	1.503603512	1.818764733	1.725613235	0.625	0.5	0.4375	4	0	e2/e4
911001	1	34	0.67	0.451190476	0.803571429	0.25	0.1	0.041666667	1.869998934	1.568645431	1.931441803	1.925537909	0.25	0.25	0.1875	5	0	e3/e4
911002	1	30	0.502222222	0.49047619	0.683425216	0.1	0.025	0.041666667	2.354836472	2.493378166	1.914149099	1.838105053	0.375	0.375	0.375	5	0	e3/e4
911010	1	28	0.562222222	0.746428571	0.558333333	0.1	0.125	0.166666667	1.561793222	1.487859955	1.467126178	1.476319175	0.5	0.25	0.125	1	1	e3/e3
911011	1	26	0.681111111	0.56547619	0.908333333	0.575	0.25	0.625	2.17886182	1.912798068	1.992929564	2.010265861	0.8125	0.6875	0.625	6	0	e4/e4
911012	1	30	0.5	0.472619048	0.563095238	0.025	0.025	0.083333333	2.290085518	1.678532069	1.959217344	2.031159553	0.4375	0.375	0.3125	1	1	e3/e3
911013	1	19	0.421111111	0.688095238	0.582960458	0.2	0.125	0.125	2.017225573	2.181798398	2.011445393	2.148873696	0.3125	0.25	0.1875	1	1	e3/e3
911014	1	30	0.53	0.547619048	0.583333333	0.025	0.075	0.083333333	2.461259409	2.816855871	2.326657566	2.362027341	0.3125	0.375	0.25	NA	NA	NA
911015	1	21	0.513333333	0.557142857	0.89047619	0.45	0.175	0.333333333	2.628003866	2.338495853	2.351763672	2.150084742	0.5625	0.4375	0	5	0	e3/e4
911016	1	30	0.913333333	0.844047619	0.94047619	0.55	0.275	0.125	2.772283774	2.240890651	1.920580181	1.769164468	0.75	0.375	0.625	1	1	e3/e3
911017	1	25	0.558888889	0.528571429	0.658333333	0.025	0.075	0.125	2.566177203	2.608089335	2.170380372	2.250595893	0.6875	0.375	0.375	5	0	e3/e4
911018	1	18	0.673333333	0.878571429	0.810714286	0.7	0.425	0.291666667	1.942377789	1.934084503	1.973513341	2.005576335	0.4375	0.25	0.25	5	0	e3/e4
911019	1	29	0.614444444	0.532142857	0.804761905	0.05	0	0.041666667	2.084567868	2.032922051	1.783557138	1.756751609	0.5	0.5	0.625	3	1	e2/e3
912101	2	29	0.601111111	0.526190476	0.845238095	0	0.05	0.083333333	2.639791448	2.292899783	2.306440841	2.236536983	0.375	0.375	0.1875	4	0	e2/e4
912110	2	27	0.434444444	0.438095238	0.817857143	0.075	0.025	0.083333333	2.012020477	1.66462672	2.189361583	1.573516672	0.625	0.1875	0.4375	1	1	e3/e3
912111	2	29	0.457777778	0.544047619	0.571428571	0.075	0.075	0.125	1.616608437	1.046557856	1.658106296	1.699784041	0.25	0.25	0	1	1	e3/e3
912113	2	31	0.37	0.49047619	0.816386111	0.05	0.075	0.041666667	1.822693238	1.841205984	1.503667094	1.729419249	1.449093318	0.3125	0	1	1	e3/e3
912115	2	33	0.591111111	0.56547619	0.817857143	0.25	0.15	0.333333333	1.654143124	1.627486796	1.570041821	1.589714406	0.4375	0.5625	0.1875	5	0	e3/e4
912116	2	35	0.7	0.602380952	0.873809524	0.2	0.25	0.25	2.571986543	2.316214908	2.463340553	2.645997376	0.6875	0.5625	0.5625	1	1	e3/e3
912117	2	30	0.551111111	0.377380952	0.741666667	0.025	0.1	0.166666667	2.404093817	2.349004049	2.228858548	2.102633141	0.375	0.375	0.1875	5	0	e3/e4
912118	2	25	0.53	0.502380952	0.73452381	0	0.05	0.125	1.933570518	1.608393534	2.024231298	2.008684656	0.5	0.4375	0.4375	3	1	e2/e3
921003	1	34	0.816666667	0.782142857	0.819047619	0.85	0.15	0.25	2.051036602	1.218246919	2.123558084	2.078313635	0.5	0.3125	0.4375	1	1	e3/e3
921005	1	33	0.632222222	0.582142857	0.696428571	0.3	0.1	0.25	2.252029703	2.247714927	2.116155104	1.930581888	0.5625	0.3125	0.5625	1	1	e3/e3
921006	1	26	0.668888889	0.75952381	0.785388792	0.4	0.275	0.125	2.331176601	2.222937346	2.214460179	2.441420451	0.375	0.25	0.5	1	1	e3/e3
921007	1	25	0.643333333	0.657142857	0.803571429	0.475	0.275	0.041666667	2.087107976	2.141113301	1.930344284	1.881294118	0.375	0.3125	0.1875	5	0	e3/e4
921008	1	29	0.832222222	0.779761905	0.854761905	0.575	0.35	0.25	1.924798222	1.643874477	1.80160187	1.881736003	0.75	0.5	0.625	1	1	e3/e3
922102	2	35	0.88	0.702380952	0.976190476	0.3	0.225	0.208333333	2.15719922	1.996040683	2.110728866	2.052019394	0.5	0.75	0.625	1	1	e3/e3
922103	2	20	0.562222222	0.702380952	0.75952381	0.425	0.1	0.083333333	2.266474145	1.96985844	2.056481015	1.872872198	0.375	0.625	0.375	3	1	e2/e3
922105	2	27	0.618888889	0.553571429	0.672619048	0.2	0.2	0.083333333	1.746240299	1.563083937	2.009918205	1.991696295	0.3125	0.0625	0.4375	1	1	e3/e3
922107	2	29	0.67	0.507142857	0.808333333	0.15	0.075	0.208333333	2.497148987	1.8796935	2.042601103	2.119355204	0.375	0.5	0.5	1	1	e3/e3
941020	1	23	0.568888889	0.654761905	0.90952381	0.3	0.075	0.208333333	2.58341278	1.827505689	2.256922823	2.075209956	0.4375	0.4375	0.6875	1	1	e3/e3
941022	1	26	0.523333333	0.589285714	0.714285714	0.125	0.1	0.125	1.956664101	1.868526834	1.891872861	1.921214574	0.625	0.375	0.25	5	0	e3/e4
941023	1	28	0.527777778	0.495238095	0.638304814	0.025	0.025	0.166666667	1.975908065	1.628268185	2.130866691	1.926417769	0.1875	0.25	0.5625	1	1	e3/e3
951026	1	32	0.7	0.70952381	0.797619048	0.55	0.275	0.291666667	2.434407977	1.696489354	2.153255559	1.728561552	0.3125	0.5	0.4375	1	1	e3/e3
951028	1	24	0.593333333	0.704761905	0.788095238	0.25	0.25	0.333333333	1.954799365	1.998640302	2.012548296	1.931461623	0.6875	0.75	0.375	1	1	e3/e3
951029	1	31	0.917777778	0.871428571	0.90952381	0.8	0.675	0.541666667	2.426542174	2.248609957	2.100127905	1.797337477	0.5	0.5	0.625	1	1	e3/e3
951031	1	27	0.688888889	0.633333333	0.882142857	0.6	0.275	0.083333333	2.681904256	2.258255877	2.544466495	2.183181799	0.5625	0.8125	0.6875	6	0	e4/e4
951032	1	21	0.768888889	0.751190476	0.811904762	0.85	0.45	0.083333333	2.212386828	2.18327988	2.018868199	1.954166076	0.625	0.5625	0.6875	NA	NA	NA
952126	2	24	0.641111111	0.689285714	0.838095238	0.525	0.275	0.083333333	2.66822246	2.299471844	2.254301289	2.159243676	0.4375	0.25	0.25	5	0	e3/e4
952127	2	25	0.717777778	0.782142857	0.94047619	0.55	0.375	0.208333333	2.315249842	1.869770217	2.21452556	1.875609139	0.6875	0.4375	0.5	1	1	e3/e3
952128	2	31	0.48	0.588095238	0.85952381	0	0.025	0.041666667	1.99571194	1.457804891	2.243364906	2.328587056	0.5625	0.375	0.4375	5	0	e3/e4
952130	2	27	0.535555556	0.65	0.705952381	0.2	0.125	0.291666667	2.288224903	2.099655344	1.643193391	1.800292862	0.375	0.5625	0.1875	1	1	e3/e3
952131	2	31	0.546666667	0.578571429	0.735714286	0.375	0.275	0.291666667	2.4661419	2.115856808	2.178733295	2.060453503	0.5	0.5	0.4375	5	0	e3/e4
952132	2	19	0.547777778	0.729761905	0.851190476	0.25	0.225	0.416666667	2.754293606	2.440280837	2.318050231	2.291486669	0.625	0.75	0.625	5	0	e3/e4
952133	2	32	0.646666667	0.730952381	0.771428571	0.175	0.125	0.291666667	2.384163459	2.03869745	2.26047066	2.228849103	0.3125	0.3125	0.3125	1	1	e3/e3
952134	2	23	0.667777778	0.75952381	0.863095238	0.675	0.375	0.234900124	2.520436216	2.39949011	2.447897314	2.536716929	0.625	0.6875	0.8125	1	1	e3/e3
